1.00000e+00 0.00000e+00 0.00000e+00 0.00000e+00 1.00000e+00 0.00000e+00 0.00000e+00 0.00000e+00 1.00000e+00
9.99991e-01 -4.16656e-03 0.00000e+00 4.16656e-03 9.99991e-01 0.00000e+00 0.00000e+00 0.00000e+00 1.00000e+00
9.99965e-01 -8.33304e-03 0.00000e+00 8.33304e-03 9.99965e-01 0.00000e+00 0.00000e+00 0.00000e+00 1.00000e+00
9.99922e-01 -1.24994e-02 0.00000e+00 1.24994e-02 9.99922e-01 0.00000e+00 0.00000e+00 0.00000e+00 1.00000e+00
9.99861e-01 -1.66655e-02 0.00000e+00 1.66655e-02 9.99861e-01 0.00000e+00 0.00000e+00 0.00000e+00 1.00000e+00
9.99783e-01 -2.08313e-02 0.00000e+00 2.08313e-02 9.99783e-01 0.00000e+00 0.00000e+00 0.00000e+00 1.00000e+00
9.99688e-01 -2.49968e-02 0.00000e+00 2.49968e-02 9.99688e-01 0.00000e+00 0.00000e+00 0.00000e+00 1.00000e+00
9.99575e-01 -2.91618e-02 0.00000e+00 2.91618e-02 9.99575e-01 0.00000e+00 0.00000e+00 0.00000e+00 1.00000e+00
9.99445e-01 -3.33264e-02 0.00000e+00 3.33264e-02 9.99445e-01 0.00000e+00 0.00000e+00 0.00000e+00 1.00000e+00
9.99297e-01 -3.74903e-02 0.00000e+00 3.74903e-02 9.99297e-01 0.00000e+00 0.00000e+00 0.00000e+00 1.00000e+00
9.99132e-01 -4.16536e-02 0.00000e+00 4.16536e-02 9.99132e-01 0.00000e+00 0.00000e+00 0.00000e+00 1.00000e+00
9.98950e-01 -4.58162e-02 0.00000e+00 4.58162e-02 9.98950e-01 0.00000e+00 0.00000e+00 0.00000e+00 1.00000e+00
9.98750e-01 -4.99780e-02 0.00000e+00 4.99780e-02 9.98750e-01 0.00000e+00 0.00000e+00 0.00000e+00 1.00000e+00
9.98533e-01 -5.41389e-02 0.00000e+00 5.41389e-02 9.98533e-01 0.00000e+00 0.00000e+00 0.00000e+00 1.00000e+00
9.98299e-01 -5.82989e-02 0.00000e+00 5.82989e-02 9.98299e-01 0.00000e+00 0.00000e+00 0.00000e+00 1.00000e+00
9.98048e-01 -6.24578e-02 0.00000e+00 6.24578e-02 9.98048e-01 0.00000e+00 0.00000e+00 0.00000e+00 1.00000e+00
9.97779e-01 -6.66157e-02 0.00000e+00 6.66157e-02 9.97779e-01 0.00000e+00 0.00000e+00 0.00000e+00 1.00000e+00
9.97492e-01 -7.07725e-02 0.00000e+00 7.07725e-02 9.97492e-01 0.00000e+00 0.00000e+00 0.00000e+00 1.00000e+00
9.97189e-01 -7.49279e-02 0.00000e+00 7.49279e-02 9.97189e-01 0.00000e+00 0.00000e+00 0.00000e+00 1.00000e+00
9.96868e-01 -7.90821e-02 0.00000e+00 7.90821e-02 9.96868e-01 0.00000e+00 0.00000e+00 0.00000e+00 1.00000e+00
9.96530e-01 -8.32350e-02 0.00000e+00 8.32350e-02 9.96530e-01 0.00000e+00 0.00000e+00 0.00000e+00 1.00000e+00
9.96174e-01 -8.73863e-02 0.00000e+00 8.73863e-02 9.96174e-01 0.00000e+00 0.00000e+00 0.00000e+00 1.00000e+00
9.95802e-01 -9.15362e-02 0.00000e+00 9.15362e-02 9.95802e-01 0.00000e+00 0.00000e+00 0.00000e+00 1.00000e+00
9.95412e-01 -9.56845e-02 0.00000e+00 9.56845e-02 9.95412e-01 0.00000e+00 0.00000e+00 0.00000e+00 1.00000e+00
9.95004e-01 -9.98311e-02 0.00000e+00 9.98311e-02 9.95004e-01 0.00000e+00 0.00000e+00 0.00000e+00 1.00000e+00
9.94580e-01 -1.03976e-01 0.00000e+00 1.03976e-01 9.94580e-01 0.00000e+00 0.00000e+00 0.00000e+00 1.00000e+00
9.94138e-01 -1.08119e-01 0.00000e+00 1.08119e-01 9.94138e-01 0.00000e+00 0.00000e+00 0.00000e+00 1.00000e+00
9.93679e-01 -1.12260e-01 0.00000e+00 1.12260e-01 9.93679e-01 0.00000e+00 0.00000e+00 0.00000e+00 1.00000e+00
9.93202e-01 -1.16399e-01 0.00000e+00 1.16399e-01 9.93202e-01 0.00000e+00 0.00000e+00 0.00000e+00 1.00000e+00
9.92709e-01 -1.20537e-01 0.00000e+00 1.20537e-01 9.92709e-01 0.00000e+00 0.00000e+00 0.00000e+00 1.00000e+00
9.92198e-01 -1.24672e-01 0.00000e+00 1.24672e-01 9.92198e-01 0.00000e+00 0.00000e+00 0.00000e+00 1.00000e+00
9.91670e-01 -1.28805e-01 0.00000e+00 1.28805e-01 9.91670e-01 0.00000e+00 0.00000e+00 0.00000e+00 1.00000e+00
9.91125e-01 -1.32936e-01 0.00000e+00 1.32936e-01 9.91125e-01 0.00000e+00 0.00000e+00 0.00000e+00 1.00000e+00
9.90562e-01 -1.37064e-01 0.00000e+00 1.37064e-01 9.90562e-01 0.00000e+00 0.00000e+00 0.00000e+00 1.00000e+00
9.89983e-01 -1.41190e-01 0.00000e+00 1.41190e-01 9.89983e-01 0.00000e+00 0.00000e+00 0.00000e+00 1.00000e+00
9.89386e-01 -1.45314e-01 0.00000e+00 1.45314e-01 9.89386e-01 0.00000e+00 0.00000e+00 0.00000e+00 1.00000e+00
9.88772e-01 -1.49435e-01 0.00000e+00 1.49435e-01 9.88772e-01 0.00000e+00 0.00000e+00 0.00000e+00 1.00000e+00
9.88140e-01 -1.53553e-01 0.00000e+00 1.53553e-01 9.88140e-01 0.00000e+00 0.00000e+00 0.00000e+00 1.00000e+00
9.87492e-01 -1.57669e-01 0.00000e+00 1.57669e-01 9.87492e-01 0.00000e+00 0.00000e+00 0.00000e+00 1.00000e+00
9.86827e-01 -1.61782e-01 0.00000e+00 1.61782e-01 9.86827e-01 0.00000e+00 0.00000e+00 0.00000e+00 1.00000e+00
9.86144e-01 -1.65892e-01 0.00000e+00 1.65892e-01 9.86144e-01 0.00000e+00 0.00000e+00 0.00000e+00 1.00000e+00
9.85444e-01 -1.70000e-01 0.00000e+00 1.70000e-01 9.85444e-01 0.00000e+00 0.00000e+00 0.00000e+00 1.00000e+00
9.84727e-01 -1.74104e-01 0.00000e+00 1.74104e-01 9.84727e-01 0.00000e+00 0.00000e+00 0.00000e+00 1.00000e+00
9.83993e-01 -1.78205e-01 0.00000e+00 1.78205e-01 9.83993e-01 0.00000e+00 0.00000e+00 0.00000e+00 1.00000e+00
9.83242e-01 -1.82304e-01 0.00000e+00 1.82304e-01 9.83242e-01 0.00000e+00 0.00000e+00 0.00000e+00 1.00000e+00
9.82474e-01 -1.86399e-01 0.00000e+00 1.86399e-01 9.82474e-01 0.00000e+00 0.00000e+00 0.00000e+00 1.00000e+00
9.81689e-01 -1.90491e-01 0.00000e+00 1.90491e-01 9.81689e-01 0.00000e+00 0.00000e+00 0.00000e+00 1.00000e+00
9.80887e-01 -1.94579e-01 0.00000e+00 1.94579e-01 9.80887e-01 0.00000e+00 0.00000e+00 0.00000e+00 1.00000e+00
9.80068e-01 -1.98665e-01 0.00000e+00 1.98665e-01 9.80068e-01 0.00000e+00 0.00000e+00 0.00000e+00 1.00000e+00
9.79231e-01 -2.02746e-01 0.00000e+00 2.02746e-01 9.79231e-01 0.00000e+00 0.00000e+00 0.00000e+00 1.00000e+00
9.78378e-01 -2.06825e-01 0.00000e+00 2.06825e-01 9.78378e-01 0.00000e+00 0.00000e+00 0.00000e+00 1.00000e+00
9.77508e-01 -2.10899e-01 0.00000e+00 2.10899e-01 9.77508e-01 0.00000e+00 0.00000e+00 0.00000e+00 1.00000e+00
9.76621e-01 -2.14970e-01 0.00000e+00 2.14970e-01 9.76621e-01 0.00000e+00 0.00000e+00 0.00000e+00 1.00000e+00
9.75716e-01 -2.19038e-01 0.00000e+00 2.19038e-01 9.75716e-01 0.00000e+00 0.00000e+00 0.00000e+00 1.00000e+00
9.74795e-01 -2.23101e-01 0.00000e+00 2.23101e-01 9.74795e-01 0.00000e+00 0.00000e+00 0.00000e+00 1.00000e+00
9.73857e-01 -2.27161e-01 0.00000e+00 2.27161e-01 9.73857e-01 0.00000e+00 0.00000e+00 0.00000e+00 1.00000e+00
9.72902e-01 -2.31216e-01 0.00000e+00 2.31216e-01 9.72902e-01 0.00000e+00 0.00000e+00 0.00000e+00 1.00000e+00
9.71931e-01 -2.35268e-01 0.00000e+00 2.35268e-01 9.71931e-01 0.00000e+00 0.00000e+00 0.00000e+00 1.00000e+00
9.70942e-01 -2.39316e-01 0.00000e+00 2.39316e-01 9.70942e-01 0.00000e+00 0.00000e+00 0.00000e+00 1.00000e+00
9.69936e-01 -2.43359e-01 0.00000e+00 2.43359e-01 9.69936e-01 0.00000e+00 0.00000e+00 0.00000e+00 1.00000e+00
9.68914e-01 -2.47398e-01 0.00000e+00 2.47398e-01 9.68914e-01 0.00000e+00 0.00000e+00 0.00000e+00 1.00000e+00
9.67875e-01 -2.51433e-01 0.00000e+00 2.51433e-01 9.67875e-01 0.00000e+00 0.00000e+00 0.00000e+00 1.00000e+00
9.66819e-01 -2.55464e-01 0.00000e+00 2.55464e-01 9.66819e-01 0.00000e+00 0.00000e+00 0.00000e+00 1.00000e+00
9.65746e-01 -2.59490e-01 0.00000e+00 2.59490e-01 9.65746e-01 0.00000e+00 0.00000e+00 0.00000e+00 1.00000e+00
9.64656e-01 -2.63511e-01 0.00000e+00 2.63511e-01 9.64656e-01 0.00000e+00 0.00000e+00 0.00000e+00 1.00000e+00
9.63550e-01 -2.67528e-01 0.00000e+00 2.67528e-01 9.63550e-01 0.00000e+00 0.00000e+00 0.00000e+00 1.00000e+00
9.62427e-01 -2.71541e-01 0.00000e+00 2.71541e-01 9.62427e-01 0.00000e+00 0.00000e+00 0.00000e+00 1.00000e+00
9.61287e-01 -2.75548e-01 0.00000e+00 2.75548e-01 9.61287e-01 0.00000e+00 0.00000e+00 0.00000e+00 1.00000e+00
9.60131e-01 -2.79551e-01 0.00000e+00 2.79551e-01 9.60131e-01 0.00000e+00 0.00000e+00 0.00000e+00 1.00000e+00
9.58958e-01 -2.83549e-01 0.00000e+00 2.83549e-01 9.58958e-01 0.00000e+00 0.00000e+00 0.00000e+00 1.00000e+00
9.57768e-01 -2.87542e-01 0.00000e+00 2.87542e-01 9.57768e-01 0.00000e+00 0.00000e+00 0.00000e+00 1.00000e+00
9.56562e-01 -2.91530e-01 0.00000e+00 2.91530e-01 9.56562e-01 0.00000e+00 0.00000e+00 0.00000e+00 1.00000e+00
9.55339e-01 -2.95513e-01 0.00000e+00 2.95513e-01 9.55339e-01 0.00000e+00 0.00000e+00 0.00000e+00 1.00000e+00
9.54099e-01 -2.99491e-01 0.00000e+00 2.99491e-01 9.54099e-01 0.00000e+00 0.00000e+00 0.00000e+00 1.00000e+00
9.52843e-01 -3.03464e-01 0.00000e+00 3.03464e-01 9.52843e-01 0.00000e+00 0.00000e+00 0.00000e+00 1.00000e+00
9.51570e-01 -3.07432e-01 0.00000e+00 3.07432e-01 9.51570e-01 0.00000e+00 0.00000e+00 0.00000e+00 1.00000e+00
9.50281e-01 -3.11394e-01 0.00000e+00 3.11394e-01 9.50281e-01 0.00000e+00 0.00000e+00 0.00000e+00 1.00000e+00
9.48975e-01 -3.15350e-01 0.00000e+00 3.15350e-01 9.48975e-01 0.00000e+00 0.00000e+00 0.00000e+00 1.00000e+00
9.47653e-01 -3.19302e-01 0.00000e+00 3.19302e-01 9.47653e-01 0.00000e+00 0.00000e+00 0.00000e+00 1.00000e+00
9.46315e-01 -3.23247e-01 0.00000e+00 3.23247e-01 9.46315e-01 0.00000e+00 0.00000e+00 0.00000e+00 1.00000e+00
9.44960e-01 -3.27187e-01 0.00000e+00 3.27187e-01 9.44960e-01 0.00000e+00 0.00000e+00 0.00000e+00 1.00000e+00
9.43588e-01 -3.31122e-01 0.00000e+00 3.31122e-01 9.43588e-01 0.00000e+00 0.00000e+00 0.00000e+00 1.00000e+00
9.42200e-01 -3.35050e-01 0.00000e+00 3.35050e-01 9.42200e-01 0.00000e+00 0.00000e+00 0.00000e+00 1.00000e+00
9.40796e-01 -3.38973e-01 0.00000e+00 3.38973e-01 9.40796e-01 0.00000e+00 0.00000e+00 0.00000e+00 1.00000e+00
9.39376e-01 -3.42890e-01 0.00000e+00 3.42890e-01 9.39376e-01 0.00000e+00 0.00000e+00 0.00000e+00 1.00000e+00
9.37939e-01 -3.46801e-01 0.00000e+00 3.46801e-01 9.37939e-01 0.00000e+00 0.00000e+00 0.00000e+00 1.00000e+00
9.36486e-01 -3.50706e-01 0.00000e+00 3.50706e-01 9.36486e-01 0.00000e+00 0.00000e+00 0.00000e+00 1.00000e+00
9.35016e-01 -3.54605e-01 0.00000e+00 3.54605e-01 9.35016e-01 0.00000e+00 0.00000e+00 0.00000e+00 1.00000e+00
9.33531e-01 -3.58498e-01 0.00000e+00 3.58498e-01 9.33531e-01 0.00000e+00 0.00000e+00 0.00000e+00 1.00000e+00
9.32029e-01 -3.62384e-01 0.00000e+00 3.62384e-01 9.32029e-01 0.00000e+00 0.00000e+00 0.00000e+00 1.00000e+00
9.30511e-01 -3.66264e-01 0.00000e+00 3.66264e-01 9.30511e-01 0.00000e+00 0.00000e+00 0.00000e+00 1.00000e+00
9.28977e-01 -3.70138e-01 0.00000e+00 3.70138e-01 9.28977e-01 0.00000e+00 0.00000e+00 0.00000e+00 1.00000e+00
9.27426e-01 -3.74006e-01 0.00000e+00 3.74006e-01 9.27426e-01 0.00000e+00 0.00000e+00 0.00000e+00 1.00000e+00
9.25860e-01 -3.77867e-01 0.00000e+00 3.77867e-01 9.25860e-01 0.00000e+00 0.00000e+00 0.00000e+00 1.00000e+00
9.24278e-01 -3.81721e-01 0.00000e+00 3.81721e-01 9.24278e-01 0.00000e+00 0.00000e+00 0.00000e+00 1.00000e+00
9.22679e-01 -3.85569e-01 0.00000e+00 3.85569e-01 9.22679e-01 0.00000e+00 0.00000e+00 0.00000e+00 1.00000e+00
9.21065e-01 -3.89410e-01 0.00000e+00 3.89410e-01 9.21065e-01 0.00000e+00 0.00000e+00 0.00000e+00 1.00000e+00
9.19434e-01 -3.93244e-01 0.00000e+00 3.93244e-01 9.19434e-01 0.00000e+00 0.00000e+00 0.00000e+00 1.00000e+00
9.17788e-01 -3.97071e-01 0.00000e+00 3.97071e-01 9.17788e-01 0.00000e+00 0.00000e+00 0.00000e+00 1.00000e+00
9.16125e-01 -4.00892e-01 0.00000e+00 4.00892e-01 9.16125e-01 0.00000e+00 0.00000e+00 0.00000e+00 1.00000e+00
9.14447e-01 -4.04706e-01 0.00000e+00 4.04706e-01 9.14447e-01 0.00000e+00 0.00000e+00 0.00000e+00 1.00000e+00
9.12753e-01 -4.08512e-01 0.00000e+00 4.08512e-01 9.12753e-01 0.00000e+00 0.00000e+00 0.00000e+00 1.00000e+00
9.11043e-01 -4.12312e-01 0.00000e+00 4.12312e-01 9.11043e-01 0.00000e+00 0.00000e+00 0.00000e+00 1.00000e+00
9.09317e-01 -4.16104e-01 0.00000e+00 4.16104e-01 9.09317e-01 0.00000e+00 0.00000e+00 0.00000e+00 1.00000e+00
9.07575e-01 -4.19889e-01 0.00000e+00 4.19889e-01 9.07575e-01 0.00000e+00 0.00000e+00 0.00000e+00 1.00000e+00
9.05818e-01 -4.23667e-01 0.00000e+00 4.23667e-01 9.05818e-01 0.00000e+00 0.00000e+00 0.00000e+00 1.00000e+00
9.04045e-01 -4.27437e-01 0.00000e+00 4.27437e-01 9.04045e-01 0.00000e+00 0.00000e+00 0.00000e+00 1.00000e+00
9.02256e-01 -4.31200e-01 0.00000e+00 4.31200e-01 9.02256e-01 0.00000e+00 0.00000e+00 0.00000e+00 1.00000e+00
9.00452e-01 -4.34956e-01 0.00000e+00 4.34956e-01 9.00452e-01 0.00000e+00 0.00000e+00 0.00000e+00 1.00000e+00
8.98632e-01 -4.38704e-01 0.00000e+00 4.38704e-01 8.98632e-01 0.00000e+00 0.00000e+00 0.00000e+00 1.00000e+00
8.96796e-01 -4.42444e-01 0.00000e+00 4.42444e-01 8.96796e-01 0.00000e+00 0.00000e+00 0.00000e+00 1.00000e+00
8.94945e-01 -4.46177e-01 0.00000e+00 4.46177e-01 8.94945e-01 0.00000e+00 0.00000e+00 0.00000e+00 1.00000e+00
8.93078e-01 -4.49902e-01 0.00000e+00 4.49902e-01 8.93078e-01 0.00000e+00 0.00000e+00 0.00000e+00 1.00000e+00
8.91196e-01 -4.53619e-01 0.00000e+00 4.53619e-01 8.91196e-01 0.00000e+00 0.00000e+00 0.00000e+00 1.00000e+00
8.89298e-01 -4.57328e-01 0.00000e+00 4.57328e-01 8.89298e-01 0.00000e+00 0.00000e+00 0.00000e+00 1.00000e+00
8.87385e-01 -4.61030e-01 0.00000e+00 4.61030e-01 8.87385e-01 0.00000e+00 0.00000e+00 0.00000e+00 1.00000e+00
8.85456e-01 -4.64723e-01 0.00000e+00 4.64723e-01 8.85456e-01 0.00000e+00 0.00000e+00 0.00000e+00 1.00000e+00
8.83512e-01 -4.68408e-01 0.00000e+00 4.68408e-01 8.83512e-01 0.00000e+00 0.00000e+00 0.00000e+00 1.00000e+00
8.81553e-01 -4.72086e-01 0.00000e+00 4.72086e-01 8.81553e-01 0.00000e+00 0.00000e+00 0.00000e+00 1.00000e+00
8.79578e-01 -4.75755e-01 0.00000e+00 4.75755e-01 8.79578e-01 0.00000e+00 0.00000e+00 0.00000e+00 1.00000e+00
8.77588e-01 -4.79415e-01 0.00000e+00 4.79415e-01 8.77588e-01 0.00000e+00 0.00000e+00 0.00000e+00 1.00000e+00
8.75583e-01 -4.83068e-01 0.00000e+00 4.83068e-01 8.75583e-01 0.00000e+00 0.00000e+00 0.00000e+00 1.00000e+00
8.73563e-01 -4.86712e-01 0.00000e+00 4.86712e-01 8.73563e-01 0.00000e+00 0.00000e+00 0.00000e+00 1.00000e+00
8.71527e-01 -4.90347e-01 0.00000e+00 4.90347e-01 8.71527e-01 0.00000e+00 0.00000e+00 0.00000e+00 1.00000e+00
8.69477e-01 -4.93974e-01 0.00000e+00 4.93974e-01 8.69477e-01 0.00000e+00 0.00000e+00 0.00000e+00 1.00000e+00
8.67411e-01 -4.97593e-01 0.00000e+00 4.97593e-01 8.67411e-01 0.00000e+00 0.00000e+00 0.00000e+00 1.00000e+00
8.65330e-01 -5.01202e-01 0.00000e+00 5.01202e-01 8.65330e-01 0.00000e+00 0.00000e+00 0.00000e+00 1.00000e+00
8.63234e-01 -5.04803e-01 0.00000e+00 5.04803e-01 8.63234e-01 0.00000e+00 0.00000e+00 0.00000e+00 1.00000e+00
8.61124e-01 -5.08396e-01 0.00000e+00 5.08396e-01 8.61124e-01 0.00000e+00 0.00000e+00 0.00000e+00 1.00000e+00
8.58998e-01 -5.11979e-01 0.00000e+00 5.11979e-01 8.58998e-01 0.00000e+00 0.00000e+00 0.00000e+00 1.00000e+00
8.56857e-01 -5.15554e-01 0.00000e+00 5.15554e-01 8.56857e-01 0.00000e+00 0.00000e+00 0.00000e+00 1.00000e+00
8.54702e-01 -5.19120e-01 0.00000e+00 5.19120e-01 8.54702e-01 0.00000e+00 0.00000e+00 0.00000e+00 1.00000e+00
8.52531e-01 -5.22676e-01 0.00000e+00 5.22676e-01 8.52531e-01 0.00000e+00 0.00000e+00 0.00000e+00 1.00000e+00
8.50346e-01 -5.26224e-01 0.00000e+00 5.26224e-01 8.50346e-01 0.00000e+00 0.00000e+00 0.00000e+00 1.00000e+00
8.48146e-01 -5.29762e-01 0.00000e+00 5.29762e-01 8.48146e-01 0.00000e+00 0.00000e+00 0.00000e+00 1.00000e+00
8.45932e-01 -5.33291e-01 0.00000e+00 5.33291e-01 8.45932e-01 0.00000e+00 0.00000e+00 0.00000e+00 1.00000e+00
8.43702e-01 -5.36811e-01 0.00000e+00 5.36811e-01 8.43702e-01 0.00000e+00 0.00000e+00 0.00000e+00 1.00000e+00
8.41458e-01 -5.40322e-01 0.00000e+00 5.40322e-01 8.41458e-01 0.00000e+00 0.00000e+00 0.00000e+00 1.00000e+00
8.39200e-01 -5.43823e-01 0.00000e+00 5.43823e-01 8.39200e-01 0.00000e+00 0.00000e+00 0.00000e+00 1.00000e+00
8.36927e-01 -5.47315e-01 0.00000e+00 5.47315e-01 8.36927e-01 0.00000e+00 0.00000e+00 0.00000e+00 1.00000e+00
8.34639e-01 -5.50798e-01 0.00000e+00 5.50798e-01 8.34639e-01 0.00000e+00 0.00000e+00 0.00000e+00 1.00000e+00
8.32337e-01 -5.54270e-01 0.00000e+00 5.54270e-01 8.32337e-01 0.00000e+00 0.00000e+00 0.00000e+00 1.00000e+00
8.30020e-01 -5.57734e-01 0.00000e+00 5.57734e-01 8.30020e-01 0.00000e+00 0.00000e+00 0.00000e+00 1.00000e+00
8.27689e-01 -5.61187e-01 0.00000e+00 5.61187e-01 8.27689e-01 0.00000e+00 0.00000e+00 0.00000e+00 1.00000e+00
8.25344e-01 -5.64631e-01 0.00000e+00 5.64631e-01 8.25344e-01 0.00000e+00 0.00000e+00 0.00000e+00 1.00000e+00
8.22984e-01 -5.68065e-01 0.00000e+00 5.68065e-01 8.22984e-01 0.00000e+00 0.00000e+00 0.00000e+00 1.00000e+00
8.20610e-01 -5.71489e-01 0.00000e+00 5.71489e-01 8.20610e-01 0.00000e+00 0.00000e+00 0.00000e+00 1.00000e+00
8.18222e-01 -5.74903e-01 0.00000e+00 5.74903e-01 8.18222e-01 0.00000e+00 0.00000e+00 0.00000e+00 1.00000e+00
8.15819e-01 -5.78307e-01 0.00000e+00 5.78307e-01 8.15819e-01 0.00000e+00 0.00000e+00 0.00000e+00 1.00000e+00
8.13402e-01 -5.81701e-01 0.00000e+00 5.81701e-01 8.13402e-01 0.00000e+00 0.00000e+00 0.00000e+00 1.00000e+00
8.10972e-01 -5.85085e-01 0.00000e+00 5.85085e-01 8.10972e-01 0.00000e+00 0.00000e+00 0.00000e+00 1.00000e+00
8.08527e-01 -5.88459e-01 0.00000e+00 5.88459e-01 8.08527e-01 0.00000e+00 0.00000e+00 0.00000e+00 1.00000e+00
8.06068e-01 -5.91823e-01 0.00000e+00 5.91823e-01 8.06068e-01 0.00000e+00 0.00000e+00 0.00000e+00 1.00000e+00
8.03595e-01 -5.95176e-01 0.00000e+00 5.95176e-01 8.03595e-01 0.00000e+00 0.00000e+00 0.00000e+00 1.00000e+00
8.01108e-01 -5.98519e-01 0.00000e+00 5.98519e-01 8.01108e-01 0.00000e+00 0.00000e+00 0.00000e+00 1.00000e+00
7.98608e-01 -6.01852e-01 0.00000e+00 6.01852e-01 7.98608e-01 0.00000e+00 0.00000e+00 0.00000e+00 1.00000e+00
7.96093e-01 -6.05174e-01 0.00000e+00 6.05174e-01 7.96093e-01 0.00000e+00 0.00000e+00 0.00000e+00 1.00000e+00
7.93565e-01 -6.08486e-01 0.00000e+00 6.08486e-01 7.93565e-01 0.00000e+00 0.00000e+00 0.00000e+00 1.00000e+00
7.91022e-01 -6.11787e-01 0.00000e+00 6.11787e-01 7.91022e-01 0.00000e+00 0.00000e+00 0.00000e+00 1.00000e+00
7.88467e-01 -6.15078e-01 0.00000e+00 6.15078e-01 7.88467e-01 0.00000e+00 0.00000e+00 0.00000e+00 1.00000e+00
7.85897e-01 -6.18357e-01 0.00000e+00 6.18357e-01 7.85897e-01 0.00000e+00 0.00000e+00 0.00000e+00 1.00000e+00
7.83314e-01 -6.21627e-01 0.00000e+00 6.21627e-01 7.83314e-01 0.00000e+00 0.00000e+00 0.00000e+00 1.00000e+00
7.80717e-01 -6.24885e-01 0.00000e+00 6.24885e-01 7.80717e-01 0.00000e+00 0.00000e+00 0.00000e+00 1.00000e+00
7.78106e-01 -6.28132e-01 0.00000e+00 6.28132e-01 7.78106e-01 0.00000e+00 0.00000e+00 0.00000e+00 1.00000e+00
7.75483e-01 -6.31369e-01 0.00000e+00 6.31369e-01 7.75483e-01 0.00000e+00 0.00000e+00 0.00000e+00 1.00000e+00
7.72845e-01 -6.34595e-01 0.00000e+00 6.34595e-01 7.72845e-01 0.00000e+00 0.00000e+00 0.00000e+00 1.00000e+00
7.70194e-01 -6.37809e-01 0.00000e+00 6.37809e-01 7.70194e-01 0.00000e+00 0.00000e+00 0.00000e+00 1.00000e+00
7.67530e-01 -6.41013e-01 0.00000e+00 6.41013e-01 7.67530e-01 0.00000e+00 0.00000e+00 0.00000e+00 1.00000e+00
7.64853e-01 -6.44205e-01 0.00000e+00 6.44205e-01 7.64853e-01 0.00000e+00 0.00000e+00 0.00000e+00 1.00000e+00
7.62162e-01 -6.47386e-01 0.00000e+00 6.47386e-01 7.62162e-01 0.00000e+00 0.00000e+00 0.00000e+00 1.00000e+00
7.59458e-01 -6.50556e-01 0.00000e+00 6.50556e-01 7.59458e-01 0.00000e+00 0.00000e+00 0.00000e+00 1.00000e+00
7.56741e-01 -6.53715e-01 0.00000e+00 6.53715e-01 7.56741e-01 0.00000e+00 0.00000e+00 0.00000e+00 1.00000e+00
7.54011e-01 -6.56862e-01 0.00000e+00 6.56862e-01 7.54011e-01 0.00000e+00 0.00000e+00 0.00000e+00 1.00000e+00
7.51267e-01 -6.59998e-01 0.00000e+00 6.59998e-01 7.51267e-01 0.00000e+00 0.00000e+00 0.00000e+00 1.00000e+00
7.48511e-01 -6.63123e-01 0.00000e+00 6.63123e-01 7.48511e-01 0.00000e+00 0.00000e+00 0.00000e+00 1.00000e+00
7.45741e-01 -6.66236e-01 0.00000e+00 6.66236e-01 7.45741e-01 0.00000e+00 0.00000e+00 0.00000e+00 1.00000e+00
7.42959e-01 -6.69337e-01 0.00000e+00 6.69337e-01 7.42959e-01 0.00000e+00 0.00000e+00 0.00000e+00 1.00000e+00
7.40164e-01 -6.72427e-01 0.00000e+00 6.72427e-01 7.40164e-01 0.00000e+00 0.00000e+00 0.00000e+00 1.00000e+00
7.37356e-01 -6.75505e-01 0.00000e+00 6.75505e-01 7.37356e-01 0.00000e+00 0.00000e+00 0.00000e+00 1.00000e+00
7.34535e-01 -6.78571e-01 0.00000e+00 6.78571e-01 7.34535e-01 0.00000e+00 0.00000e+00 0.00000e+00 1.00000e+00
7.31701e-01 -6.81626e-01 0.00000e+00 6.81626e-01 7.31701e-01 0.00000e+00 0.00000e+00 0.00000e+00 1.00000e+00
7.28855e-01 -6.84669e-01 0.00000e+00 6.84669e-01 7.28855e-01 0.00000e+00 0.00000e+00 0.00000e+00 1.00000e+00
7.25995e-01 -6.87699e-01 0.00000e+00 6.87699e-01 7.25995e-01 0.00000e+00 0.00000e+00 0.00000e+00 1.00000e+00
7.23124e-01 -6.90718e-01 0.00000e+00 6.90718e-01 7.23124e-01 0.00000e+00 0.00000e+00 0.00000e+00 1.00000e+00
7.20240e-01 -6.93725e-01 0.00000e+00 6.93725e-01 7.20240e-01 0.00000e+00 0.00000e+00 0.00000e+00 1.00000e+00
7.17343e-01 -6.96720e-01 0.00000e+00 6.96720e-01 7.17343e-01 0.00000e+00 0.00000e+00 0.00000e+00 1.00000e+00
7.14434e-01 -6.99703e-01 0.00000e+00 6.99703e-01 7.14434e-01 0.00000e+00 0.00000e+00 0.00000e+00 1.00000e+00
7.11512e-01 -7.02674e-01 0.00000e+00 7.02674e-01 7.11512e-01 0.00000e+00 0.00000e+00 0.00000e+00 1.00000e+00
7.08578e-01 -7.05632e-01 0.00000e+00 7.05632e-01 7.08578e-01 0.00000e+00 0.00000e+00 0.00000e+00 1.00000e+00
7.05632e-01 -7.08578e-01 0.00000e+00 7.08578e-01 7.05632e-01 0.00000e+00 0.00000e+00 0.00000e+00 1.00000e+00
7.02674e-01 -7.11512e-01 0.00000e+00 7.11512e-01 7.02674e-01 0.00000e+00 0.00000e+00 0.00000e+00 1.00000e+00
6.99703e-01 -7.14434e-01 0.00000e+00 7.14434e-01 6.99703e-01 0.00000e+00 0.00000e+00 0.00000e+00 1.00000e+00
6.96720e-01 -7.17343e-01 0.00000e+00 7.17343e-01 6.96720e-01 0.00000e+00 0.00000e+00 0.00000e+00 1.00000e+00
6.93725e-01 -7.20240e-01 0.00000e+00 7.20240e-01 6.93725e-01 0.00000e+00 0.00000e+00 0.00000e+00 1.00000e+00
6.90718e-01 -7.23124e-01 0.00000e+00 7.23124e-01 6.90718e-01 0.00000e+00 0.00000e+00 0.00000e+00 1.00000e+00
6.87699e-01 -7.25995e-01 0.00000e+00 7.25995e-01 6.87699e-01 0.00000e+00 0.00000e+00 0.00000e+00 1.00000e+00
6.84669e-01 -7.28855e-01 0.00000e+00 7.28855e-01 6.84669e-01 0.00000e+00 0.00000e+00 0.00000e+00 1.00000e+00
6.81626e-01 -7.31701e-01 0.00000e+00 7.31701e-01 6.81626e-01 0.00000e+00 0.00000e+00 0.00000e+00 1.00000e+00
6.78571e-01 -7.34535e-01 0.00000e+00 7.34535e-01 6.78571e-01 0.00000e+00 0.00000e+00 0.00000e+00 1.00000e+00
6.75505e-01 -7.37356e-01 0.00000e+00 7.37356e-01 6.75505e-01 0.00000e+00 0.00000e+00 0.00000e+00 1.00000e+00
6.72427e-01 -7.40164e-01 0.00000e+00 7.40164e-01 6.72427e-01 0.00000e+00 0.00000e+00 0.00000e+00 1.00000e+00
6.69337e-01 -7.42959e-01 0.00000e+00 7.42959e-01 6.69337e-01 0.00000e+00 0.00000e+00 0.00000e+00 1.00000e+00
6.66236e-01 -7.45741e-01 0.00000e+00 7.45741e-01 6.66236e-01 0.00000e+00 0.00000e+00 0.00000e+00 1.00000e+00
6.63123e-01 -7.48511e-01 0.00000e+00 7.48511e-01 6.63123e-01 0.00000e+00 0.00000e+00 0.00000e+00 1.00000e+00
6.59998e-01 -7.51267e-01 0.00000e+00 7.51267e-01 6.59998e-01 0.00000e+00 0.00000e+00 0.00000e+00 1.00000e+00
6.56862e-01 -7.54011e-01 0.00000e+00 7.54011e-01 6.56862e-01 0.00000e+00 0.00000e+00 0.00000e+00 1.00000e+00
6.53715e-01 -7.56741e-01 0.00000e+00 7.56741e-01 6.53715e-01 0.00000e+00 0.00000e+00 0.00000e+00 1.00000e+00
6.50556e-01 -7.59458e-01 0.00000e+00 7.59458e-01 6.50556e-01 0.00000e+00 0.00000e+00 0.00000e+00 1.00000e+00
6.47386e-01 -7.62162e-01 0.00000e+00 7.62162e-01 6.47386e-01 0.00000e+00 0.00000e+00 0.00000e+00 1.00000e+00
6.44205e-01 -7.64853e-01 0.00000e+00 7.64853e-01 6.44205e-01 0.00000e+00 0.00000e+00 0.00000e+00 1.00000e+00
6.41013e-01 -7.67530e-01 0.00000e+00 7.67530e-01 6.41013e-01 0.00000e+00 0.00000e+00 0.00000e+00 1.00000e+00
6.37809e-01 -7.70194e-01 0.00000e+00 7.70194e-01 6.37809e-01 0.00000e+00 0.00000e+00 0.00000e+00 1.00000e+00
6.34595e-01 -7.72845e-01 0.00000e+00 7.72845e-01 6.34595e-01 0.00000e+00 0.00000e+00 0.00000e+00 1.00000e+00
6.31369e-01 -7.75483e-01 0.00000e+00 7.75483e-01 6.31369e-01 0.00000e+00 0.00000e+00 0.00000e+00 1.00000e+00
6.28132e-01 -7.78106e-01 0.00000e+00 7.78106e-01 6.28132e-01 0.00000e+00 0.00000e+00 0.00000e+00 1.00000e+00
6.24885e-01 -7.80717e-01 0.00000e+00 7.80717e-01 6.24885e-01 0.00000e+00 0.00000e+00 0.00000e+00 1.00000e+00
6.21627e-01 -7.83314e-01 0.00000e+00 7.83314e-01 6.21627e-01 0.00000e+00 0.00000e+00 0.00000e+00 1.00000e+00
6.18357e-01 -7.85897e-01 0.00000e+00 7.85897e-01 6.18357e-01 0.00000e+00 0.00000e+00 0.00000e+00 1.00000e+00
6.15078e-01 -7.88467e-01 0.00000e+00 7.88467e-01 6.15078e-01 0.00000e+00 0.00000e+00 0.00000e+00 1.00000e+00
6.11787e-01 -7.91022e-01 0.00000e+00 7.91022e-01 6.11787e-01 0.00000e+00 0.00000e+00 0.00000e+00 1.00000e+00
6.08486e-01 -7.93565e-01 0.00000e+00 7.93565e-01 6.08486e-01 0.00000e+00 0.00000e+00 0.00000e+00 1.00000e+00
6.05174e-01 -7.96093e-01 0.00000e+00 7.96093e-01 6.05174e-01 0.00000e+00 0.00000e+00 0.00000e+00 1.00000e+00
6.01852e-01 -7.98608e-01 0.00000e+00 7.98608e-01 6.01852e-01 0.00000e+00 0.00000e+00 0.00000e+00 1.00000e+00
5.98519e-01 -8.01108e-01 0.00000e+00 8.01108e-01 5.98519e-01 0.00000e+00 0.00000e+00 0.00000e+00 1.00000e+00
5.95176e-01 -8.03595e-01 0.00000e+00 8.03595e-01 5.95176e-01 0.00000e+00 0.00000e+00 0.00000e+00 1.00000e+00
5.91823e-01 -8.06068e-01 0.00000e+00 8.06068e-01 5.91823e-01 0.00000e+00 0.00000e+00 0.00000e+00 1.00000e+00
5.88459e-01 -8.08527e-01 0.00000e+00 8.08527e-01 5.88459e-01 0.00000e+00 0.00000e+00 0.00000e+00 1.00000e+00
5.85085e-01 -8.10972e-01 0.00000e+00 8.10972e-01 5.85085e-01 0.00000e+00 0.00000e+00 0.00000e+00 1.00000e+00
5.81701e-01 -8.13402e-01 0.00000e+00 8.13402e-01 5.81701e-01 0.00000e+00 0.00000e+00 0.00000e+00 1.00000e+00
5.78307e-01 -8.15819e-01 0.00000e+00 8.15819e-01 5.78307e-01 0.00000e+00 0.00000e+00 0.00000e+00 1.00000e+00
5.74903e-01 -8.18222e-01 0.00000e+00 8.18222e-01 5.74903e-01 0.00000e+00 0.00000e+00 0.00000e+00 1.00000e+00
5.71489e-01 -8.20610e-01 0.00000e+00 8.20610e-01 5.71489e-01 0.00000e+00 0.00000e+00 0.00000e+00 1.00000e+00
5.68065e-01 -8.22984e-01 0.00000e+00 8.22984e-01 5.68065e-01 0.00000e+00 0.00000e+00 0.00000e+00 1.00000e+00
5.64631e-01 -8.25344e-01 0.00000e+00 8.25344e-01 5.64631e-01 0.00000e+00 0.00000e+00 0.00000e+00 1.00000e+00
5.61187e-01 -8.27689e-01 0.00000e+00 8.27689e-01 5.61187e-01 0.00000e+00 0.00000e+00 0.00000e+00 1.00000e+00
5.57734e-01 -8.30020e-01 0.00000e+00 8.30020e-01 5.57734e-01 0.00000e+00 0.00000e+00 0.00000e+00 1.00000e+00
5.54270e-01 -8.32337e-01 0.00000e+00 8.32337e-01 5.54270e-01 0.00000e+00 0.00000e+00 0.00000e+00 1.00000e+00
5.50798e-01 -8.34639e-01 0.00000e+00 8.34639e-01 5.50798e-01 0.00000e+00 0.00000e+00 0.00000e+00 1.00000e+00
5.47315e-01 -8.36927e-01 0.00000e+00 8.36927e-01 5.47315e-01 0.00000e+00 0.00000e+00 0.00000e+00 1.00000e+00
5.43823e-01 -8.39200e-01 0.00000e+00 8.39200e-01 5.43823e-01 0.00000e+00 0.00000e+00 0.00000e+00 1.00000e+00
5.40322e-01 -8.41458e-01 0.00000e+00 8.41458e-01 5.40322e-01 0.00000e+00 0.00000e+00 0.00000e+00 1.00000e+00
5.36811e-01 -8.43702e-01 0.00000e+00 8.43702e-01 5.36811e-01 0.00000e+00 0.00000e+00 0.00000e+00 1.00000e+00
5.33291e-01 -8.45932e-01 0.00000e+00 8.45932e-01 5.33291e-01 0.00000e+00 0.00000e+00 0.00000e+00 1.00000e+00
5.29762e-01 -8.48146e-01 0.00000e+00 8.48146e-01 5.29762e-01 0.00000e+00 0.00000e+00 0.00000e+00 1.00000e+00
5.26224e-01 -8.50346e-01 0.00000e+00 8.50346e-01 5.26224e-01 0.00000e+00 0.00000e+00 0.00000e+00 1.00000e+00
5.22676e-01 -8.52531e-01 0.00000e+00 8.52531e-01 5.22676e-01 0.00000e+00 0.00000e+00 0.00000e+00 1.00000e+00
5.19120e-01 -8.54702e-01 0.00000e+00 8.54702e-01 5.19120e-01 0.00000e+00 0.00000e+00 0.00000e+00 1.00000e+00
5.15554e-01 -8.56857e-01 0.00000e+00 8.56857e-01 5.15554e-01 0.00000e+00 0.00000e+00 0.00000e+00 1.00000e+00
5.11979e-01 -8.58998e-01 0.00000e+00 8.58998e-01 5.11979e-01 0.00000e+00 0.00000e+00 0.00000e+00 1.00000e+00
5.08396e-01 -8.61124e-01 0.00000e+00 8.61124e-01 5.08396e-01 0.00000e+00 0.00000e+00 0.00000e+00 1.00000e+00
5.04803e-01 -8.63234e-01 0.00000e+00 8.63234e-01 5.04803e-01 0.00000e+00 0.00000e+00 0.00000e+00 1.00000e+00
5.01202e-01 -8.65330e-01 0.00000e+00 8.65330e-01 5.01202e-01 0.00000e+00 0.00000e+00 0.00000e+00 1.00000e+00
4.97593e-01 -8.67411e-01 0.00000e+00 8.67411e-01 4.97593e-01 0.00000e+00 0.00000e+00 0.00000e+00 1.00000e+00
4.93974e-01 -8.69477e-01 0.00000e+00 8.69477e-01 4.93974e-01 0.00000e+00 0.00000e+00 0.00000e+00 1.00000e+00
4.90347e-01 -8.71527e-01 0.00000e+00 8.71527e-01 4.90347e-01 0.00000e+00 0.00000e+00 0.00000e+00 1.00000e+00
4.86712e-01 -8.73563e-01 0.00000e+00 8.73563e-01 4.86712e-01 0.00000e+00 0.00000e+00 0.00000e+00 1.00000e+00
4.83068e-01 -8.75583e-01 0.00000e+00 8.75583e-01 4.83068e-01 0.00000e+00 0.00000e+00 0.00000e+00 1.00000e+00
4.79415e-01 -8.77588e-01 0.00000e+00 8.77588e-01 4.79415e-01 0.00000e+00 0.00000e+00 0.00000e+00 1.00000e+00
4.75755e-01 -8.79578e-01 0.00000e+00 8.79578e-01 4.75755e-01 0.00000e+00 0.00000e+00 0.00000e+00 1.00000e+00
4.72086e-01 -8.81553e-01 0.00000e+00 8.81553e-01 4.72086e-01 0.00000e+00 0.00000e+00 0.00000e+00 1.00000e+00
4.68408e-01 -8.83512e-01 0.00000e+00 8.83512e-01 4.68408e-01 0.00000e+00 0.00000e+00 0.00000e+00 1.00000e+00
4.64723e-01 -8.85456e-01 0.00000e+00 8.85456e-01 4.64723e-01 0.00000e+00 0.00000e+00 0.00000e+00 1.00000e+00
4.61030e-01 -8.87385e-01 0.00000e+00 8.87385e-01 4.61030e-01 0.00000e+00 0.00000e+00 0.00000e+00 1.00000e+00
4.57328e-01 -8.89298e-01 0.00000e+00 8.89298e-01 4.57328e-01 0.00000e+00 0.00000e+00 0.00000e+00 1.00000e+00
4.53619e-01 -8.91196e-01 0.00000e+00 8.91196e-01 4.53619e-01 0.00000e+00 0.00000e+00 0.00000e+00 1.00000e+00
4.49902e-01 -8.93078e-01 0.00000e+00 8.93078e-01 4.49902e-01 0.00000e+00 0.00000e+00 0.00000e+00 1.00000e+00
4.46177e-01 -8.94945e-01 0.00000e+00 8.94945e-01 4.46177e-01 0.00000e+00 0.00000e+00 0.00000e+00 1.00000e+00
4.42444e-01 -8.96796e-01 0.00000e+00 8.96796e-01 4.42444e-01 0.00000e+00 0.00000e+00 0.00000e+00 1.00000e+00
4.38704e-01 -8.98632e-01 0.00000e+00 8.98632e-01 4.38704e-01 0.00000e+00 0.00000e+00 0.00000e+00 1.00000e+00
4.34956e-01 -9.00452e-01 0.00000e+00 9.00452e-01 4.34956e-01 0.00000e+00 0.00000e+00 0.00000e+00 1.00000e+00
4.31200e-01 -9.02256e-01 0.00000e+00 9.02256e-01 4.31200e-01 0.00000e+00 0.00000e+00 0.00000e+00 1.00000e+00
4.27437e-01 -9.04045e-01 0.00000e+00 9.04045e-01 4.27437e-01 0.00000e+00 0.00000e+00 0.00000e+00 1.00000e+00
4.23667e-01 -9.05818e-01 0.00000e+00 9.05818e-01 4.23667e-01 0.00000e+00 0.00000e+00 0.00000e+00 1.00000e+00
4.19889e-01 -9.07575e-01 0.00000e+00 9.07575e-01 4.19889e-01 0.00000e+00 0.00000e+00 0.00000e+00 1.00000e+00
4.16104e-01 -9.09317e-01 0.00000e+00 9.09317e-01 4.16104e-01 0.00000e+00 0.00000e+00 0.00000e+00 1.00000e+00
4.12312e-01 -9.11043e-01 0.00000e+00 9.11043e-01 4.12312e-01 0.00000e+00 0.00000e+00 0.00000e+00 1.00000e+00
4.08512e-01 -9.12753e-01 0.00000e+00 9.12753e-01 4.08512e-01 0.00000e+00 0.00000e+00 0.00000e+00 1.00000e+00
4.04706e-01 -9.14447e-01 0.00000e+00 9.14447e-01 4.04706e-01 0.00000e+00 0.00000e+00 0.00000e+00 1.00000e+00
4.00892e-01 -9.16125e-01 0.00000e+00 9.16125e-01 4.00892e-01 0.00000e+00 0.00000e+00 0.00000e+00 1.00000e+00
3.97071e-01 -9.17788e-01 0.00000e+00 9.17788e-01 3.97071e-01 0.00000e+00 0.00000e+00 0.00000e+00 1.00000e+00
3.93244e-01 -9.19434e-01 0.00000e+00 9.19434e-01 3.93244e-01 0.00000e+00 0.00000e+00 0.00000e+00 1.00000e+00
3.89410e-01 -9.21065e-01 0.00000e+00 9.21065e-01 3.89410e-01 0.00000e+00 0.00000e+00 0.00000e+00 1.00000e+00
3.85569e-01 -9.22679e-01 0.00000e+00 9.22679e-01 3.85569e-01 0.00000e+00 0.00000e+00 0.00000e+00 1.00000e+00
3.81721e-01 -9.24278e-01 0.00000e+00 9.24278e-01 3.81721e-01 0.00000e+00 0.00000e+00 0.00000e+00 1.00000e+00
3.77867e-01 -9.25860e-01 0.00000e+00 9.25860e-01 3.77867e-01 0.00000e+00 0.00000e+00 0.00000e+00 1.00000e+00
3.74006e-01 -9.27426e-01 0.00000e+00 9.27426e-01 3.74006e-01 0.00000e+00 0.00000e+00 0.00000e+00 1.00000e+00
3.70138e-01 -9.28977e-01 0.00000e+00 9.28977e-01 3.70138e-01 0.00000e+00 0.00000e+00 0.00000e+00 1.00000e+00
3.66264e-01 -9.30511e-01 0.00000e+00 9.30511e-01 3.66264e-01 0.00000e+00 0.00000e+00 0.00000e+00 1.00000e+00
3.62384e-01 -9.32029e-01 0.00000e+00 9.32029e-01 3.62384e-01 0.00000e+00 0.00000e+00 0.00000e+00 1.00000e+00
3.58498e-01 -9.33531e-01 0.00000e+00 9.33531e-01 3.58498e-01 0.00000e+00 0.00000e+00 0.00000e+00 1.00000e+00
3.54605e-01 -9.35016e-01 0.00000e+00 9.35016e-01 3.54605e-01 0.00000e+00 0.00000e+00 0.00000e+00 1.00000e+00
3.50706e-01 -9.36486e-01 0.00000e+00 9.36486e-01 3.50706e-01 0.00000e+00 0.00000e+00 0.00000e+00 1.00000e+00
3.46801e-01 -9.37939e-01 0.00000e+00 9.37939e-01 3.46801e-01 0.00000e+00 0.00000e+00 0.00000e+00 1.00000e+00
3.42890e-01 -9.39376e-01 0.00000e+00 9.39376e-01 3.42890e-01 0.00000e+00 0.00000e+00 0.00000e+00 1.00000e+00
3.38973e-01 -9.40796e-01 0.00000e+00 9.40796e-01 3.38973e-01 0.00000e+00 0.00000e+00 0.00000e+00 1.00000e+00
3.35050e-01 -9.42200e-01 0.00000e+00 9.42200e-01 3.35050e-01 0.00000e+00 0.00000e+00 0.00000e+00 1.00000e+00
3.31122e-01 -9.43588e-01 0.00000e+00 9.43588e-01 3.31122e-01 0.00000e+00 0.00000e+00 0.00000e+00 1.00000e+00
3.27187e-01 -9.44960e-01 0.00000e+00 9.44960e-01 3.27187e-01 0.00000e+00 0.00000e+00 0.00000e+00 1.00000e+00
3.23247e-01 -9.46315e-01 0.00000e+00 9.46315e-01 3.23247e-01 0.00000e+00 0.00000e+00 0.00000e+00 1.00000e+00
3.19302e-01 -9.47653e-01 0.00000e+00 9.47653e-01 3.19302e-01 0.00000e+00 0.00000e+00 0.00000e+00 1.00000e+00
3.15350e-01 -9.48975e-01 0.00000e+00 9.48975e-01 3.15350e-01 0.00000e+00 0.00000e+00 0.00000e+00 1.00000e+00
3.11394e-01 -9.50281e-01 0.00000e+00 9.50281e-01 3.11394e-01 0.00000e+00 0.00000e+00 0.00000e+00 1.00000e+00
3.07432e-01 -9.51570e-01 0.00000e+00 9.51570e-01 3.07432e-01 0.00000e+00 0.00000e+00 0.00000e+00 1.00000e+00
3.03464e-01 -9.52843e-01 0.00000e+00 9.52843e-01 3.03464e-01 0.00000e+00 0.00000e+00 0.00000e+00 1.00000e+00
2.99491e-01 -9.54099e-01 0.00000e+00 9.54099e-01 2.99491e-01 0.00000e+00 0.00000e+00 0.00000e+00 1.00000e+00
2.95513e-01 -9.55339e-01 0.00000e+00 9.55339e-01 2.95513e-01 0.00000e+00 0.00000e+00 0.00000e+00 1.00000e+00
2.91530e-01 -9.56562e-01 0.00000e+00 9.56562e-01 2.91530e-01 0.00000e+00 0.00000e+00 0.00000e+00 1.00000e+00
2.87542e-01 -9.57768e-01 0.00000e+00 9.57768e-01 2.87542e-01 0.00000e+00 0.00000e+00 0.00000e+00 1.00000e+00
2.83549e-01 -9.58958e-01 0.00000e+00 9.58958e-01 2.83549e-01 0.00000e+00 0.00000e+00 0.00000e+00 1.00000e+00
2.79551e-01 -9.60131e-01 0.00000e+00 9.60131e-01 2.79551e-01 0.00000e+00 0.00000e+00 0.00000e+00 1.00000e+00
2.75548e-01 -9.61287e-01 0.00000e+00 9.61287e-01 2.75548e-01 0.00000e+00 0.00000e+00 0.00000e+00 1.00000e+00
2.71541e-01 -9.62427e-01 0.00000e+00 9.62427e-01 2.71541e-01 0.00000e+00 0.00000e+00 0.00000e+00 1.00000e+00
2.67528e-01 -9.63550e-01 0.00000e+00 9.63550e-01 2.67528e-01 0.00000e+00 0.00000e+00 0.00000e+00 1.00000e+00
2.63511e-01 -9.64656e-01 0.00000e+00 9.64656e-01 2.63511e-01 0.00000e+00 0.00000e+00 0.00000e+00 1.00000e+00
2.59490e-01 -9.65746e-01 0.00000e+00 9.65746e-01 2.59490e-01 0.00000e+00 0.00000e+00 0.00000e+00 1.00000e+00
2.55464e-01 -9.66819e-01 0.00000e+00 9.66819e-01 2.55464e-01 0.00000e+00 0.00000e+00 0.00000e+00 1.00000e+00
2.51433e-01 -9.67875e-01 0.00000e+00 9.67875e-01 2.51433e-01 0.00000e+00 0.00000e+00 0.00000e+00 1.00000e+00
2.47398e-01 -9.68914e-01 0.00000e+00 9.68914e-01 2.47398e-01 0.00000e+00 0.00000e+00 0.00000e+00 1.00000e+00
2.43359e-01 -9.69936e-01 0.00000e+00 9.69936e-01 2.43359e-01 0.00000e+00 0.00000e+00 0.00000e+00 1.00000e+00
2.39316e-01 -9.70942e-01 0.00000e+00 9.70942e-01 2.39316e-01 0.00000e+00 0.00000e+00 0.00000e+00 1.00000e+00
2.35268e-01 -9.71931e-01 0.00000e+00 9.71931e-01 2.35268e-01 0.00000e+00 0.00000e+00 0.00000e+00 1.00000e+00
2.31216e-01 -9.72902e-01 0.00000e+00 9.72902e-01 2.31216e-01 0.00000e+00 0.00000e+00 0.00000e+00 1.00000e+00
2.27161e-01 -9.73857e-01 0.00000e+00 9.73857e-01 2.27161e-01 0.00000e+00 0.00000e+00 0.00000e+00 1.00000e+00
2.23101e-01 -9.74795e-01 0.00000e+00 9.74795e-01 2.23101e-01 0.00000e+00 0.00000e+00 0.00000e+00 1.00000e+00
2.19038e-01 -9.75716e-01 0.00000e+00 9.75716e-01 2.19038e-01 0.00000e+00 0.00000e+00 0.00000e+00 1.00000e+00
2.14970e-01 -9.76621e-01 0.00000e+00 9.76621e-01 2.14970e-01 0.00000e+00 0.00000e+00 0.00000e+00 1.00000e+00
2.10899e-01 -9.77508e-01 0.00000e+00 9.77508e-01 2.10899e-01 0.00000e+00 0.00000e+00 0.00000e+00 1.00000e+00
2.06825e-01 -9.78378e-01 0.00000e+00 9.78378e-01 2.06825e-01 0.00000e+00 0.00000e+00 0.00000e+00 1.00000e+00
2.02746e-01 -9.79231e-01 0.00000e+00 9.79231e-01 2.02746e-01 0.00000e+00 0.00000e+00 0.00000e+00 1.00000e+00
1.98665e-01 -9.80068e-01 0.00000e+00 9.80068e-01 1.98665e-01 0.00000e+00 0.00000e+00 0.00000e+00 1.00000e+00
1.94579e-01 -9.80887e-01 0.00000e+00 9.80887e-01 1.94579e-01 0.00000e+00 0.00000e+00 0.00000e+00 1.00000e+00
1.90491e-01 -9.81689e-01 0.00000e+00 9.81689e-01 1.90491e-01 0.00000e+00 0.00000e+00 0.00000e+00 1.00000e+00
1.86399e-01 -9.82474e-01 0.00000e+00 9.82474e-01 1.86399e-01 0.00000e+00 0.00000e+00 0.00000e+00 1.00000e+00
1.82304e-01 -9.83242e-01 0.00000e+00 9.83242e-01 1.82304e-01 0.00000e+00 0.00000e+00 0.00000e+00 1.00000e+00
1.78205e-01 -9.83993e-01 0.00000e+00 9.83993e-01 1.78205e-01 0.00000e+00 0.00000e+00 0.00000e+00 1.00000e+00
1.74104e-01 -9.84727e-01 0.00000e+00 9.84727e-01 1.74104e-01 0.00000e+00 0.00000e+00 0.00000e+00 1.00000e+00
1.70000e-01 -9.85444e-01 0.00000e+00 9.85444e-01 1.70000e-01 0.00000e+00 0.00000e+00 0.00000e+00 1.00000e+00
1.65892e-01 -9.86144e-01 0.00000e+00 9.86144e-01 1.65892e-01 0.00000e+00 0.00000e+00 0.00000e+00 1.00000e+00
1.61782e-01 -9.86827e-01 0.00000e+00 9.86827e-01 1.61782e-01 0.00000e+00 0.00000e+00 0.00000e+00 1.00000e+00
1.57669e-01 -9.87492e-01 0.00000e+00 9.87492e-01 1.57669e-01 0.00000e+00 0.00000e+00 0.00000e+00 1.00000e+00
1.53553e-01 -9.88140e-01 0.00000e+00 9.88140e-01 1.53553e-01 0.00000e+00 0.00000e+00 0.00000e+00 1.00000e+00
1.49435e-01 -9.88772e-01 0.00000e+00 9.88772e-01 1.49435e-01 0.00000e+00 0.00000e+00 0.00000e+00 1.00000e+00
1.45314e-01 -9.89386e-01 0.00000e+00 9.89386e-01 1.45314e-01 0.00000e+00 0.00000e+00 0.00000e+00 1.00000e+00
1.41190e-01 -9.89983e-01 0.00000e+00 9.89983e-01 1.41190e-01 0.00000e+00 0.00000e+00 0.00000e+00 1.00000e+00
1.37064e-01 -9.90562e-01 0.00000e+00 9.90562e-01 1.37064e-01 0.00000e+00 0.00000e+00 0.00000e+00 1.00000e+00
1.32936e-01 -9.91125e-01 0.00000e+00 9.91125e-01 1.32936e-01 0.00000e+00 0.00000e+00 0.00000e+00 1.00000e+00
1.28805e-01 -9.91670e-01 0.00000e+00 9.91670e-01 1.28805e-01 0.00000e+00 0.00000e+00 0.00000e+00 1.00000e+00
1.24672e-01 -9.92198e-01 0.00000e+00 9.92198e-01 1.24672e-01 0.00000e+00 0.00000e+00 0.00000e+00 1.00000e+00
1.20537e-01 -9.92709e-01 0.00000e+00 9.92709e-01 1.20537e-01 0.00000e+00 0.00000e+00 0.00000e+00 1.00000e+00
1.16399e-01 -9.93202e-01 0.00000e+00 9.93202e-01 1.16399e-01 0.00000e+00 0.00000e+00 0.00000e+00 1.00000e+00
1.12260e-01 -9.93679e-01 0.00000e+00 9.93679e-01 1.12260e-01 0.00000e+00 0.00000e+00 0.00000e+00 1.00000e+00
1.08119e-01 -9.94138e-01 0.00000e+00 9.94138e-01 1.08119e-01 0.00000e+00 0.00000e+00 0.00000e+00 1.00000e+00
1.03976e-01 -9.94580e-01 0.00000e+00 9.94580e-01 1.03976e-01 0.00000e+00 0.00000e+00 0.00000e+00 1.00000e+00
9.98311e-02 -9.95004e-01 0.00000e+00 9.95004e-01 9.98311e-02 0.00000e+00 0.00000e+00 0.00000e+00 1.00000e+00
9.56845e-02 -9.95412e-01 0.00000e+00 9.95412e-01 9.56845e-02 0.00000e+00 0.00000e+00 0.00000e+00 1.00000e+00
9.15362e-02 -9.95802e-01 0.00000e+00 9.95802e-01 9.15362e-02 0.00000e+00 0.00000e+00 0.00000e+00 1.00000e+00
8.73863e-02 -9.96174e-01 0.00000e+00 9.96174e-01 8.73863e-02 0.00000e+00 0.00000e+00 0.00000e+00 1.00000e+00
8.32350e-02 -9.96530e-01 0.00000e+00 9.96530e-01 8.32350e-02 0.00000e+00 0.00000e+00 0.00000e+00 1.00000e+00
7.90821e-02 -9.96868e-01 0.00000e+00 9.96868e-01 7.90821e-02 0.00000e+00 0.00000e+00 0.00000e+00 1.00000e+00
7.49279e-02 -9.97189e-01 0.00000e+00 9.97189e-01 7.49279e-02 0.00000e+00 0.00000e+00 0.00000e+00 1.00000e+00
7.07725e-02 -9.97492e-01 0.00000e+00 9.97492e-01 7.07725e-02 0.00000e+00 0.00000e+00 0.00000e+00 1.00000e+00
6.66157e-02 -9.97779e-01 0.00000e+00 9.97779e-01 6.66157e-02 0.00000e+00 0.00000e+00 0.00000e+00 1.00000e+00
6.24578e-02 -9.98048e-01 0.00000e+00 9.98048e-01 6.24578e-02 0.00000e+00 0.00000e+00 0.00000e+00 1.00000e+00
5.82989e-02 -9.98299e-01 0.00000e+00 9.98299e-01 5.82989e-02 0.00000e+00 0.00000e+00 0.00000e+00 1.00000e+00
5.41389e-02 -9.98533e-01 0.00000e+00 9.98533e-01 5.41389e-02 0.00000e+00 0.00000e+00 0.00000e+00 1.00000e+00
4.99780e-02 -9.98750e-01 0.00000e+00 9.98750e-01 4.99780e-02 0.00000e+00 0.00000e+00 0.00000e+00 1.00000e+00
