0.00000e+00 0.00000e+00 1.00000e+00 1.00000e+00 0.00000e+00 0.00000e+00 0.00000e+00 1.00000e+00 0.00000e+00
-3.48995e-02 0.00000e+00 9.99391e-01 9.99391e-01 0.00000e+00 3.48995e-02 0.00000e+00 1.00000e+00 0.00000e+00
-6.97565e-02 0.00000e+00 9.97564e-01 9.97564e-01 0.00000e+00 6.97565e-02 0.00000e+00 1.00000e+00 0.00000e+00
-1.04528e-01 0.00000e+00 9.94522e-01 9.94522e-01 0.00000e+00 1.04528e-01 0.00000e+00 1.00000e+00 0.00000e+00
-1.39173e-01 0.00000e+00 9.90268e-01 9.90268e-01 0.00000e+00 1.39173e-01 0.00000e+00 1.00000e+00 0.00000e+00
-1.73648e-01 0.00000e+00 9.84808e-01 9.84808e-01 0.00000e+00 1.73648e-01 0.00000e+00 1.00000e+00 0.00000e+00
-2.07912e-01 0.00000e+00 9.78148e-01 9.78148e-01 0.00000e+00 2.07912e-01 0.00000e+00 1.00000e+00 0.00000e+00
-2.41922e-01 0.00000e+00 9.70296e-01 9.70296e-01 0.00000e+00 2.41922e-01 0.00000e+00 1.00000e+00 0.00000e+00
-2.75637e-01 0.00000e+00 9.61262e-01 9.61262e-01 0.00000e+00 2.75637e-01 0.00000e+00 1.00000e+00 0.00000e+00
-3.09017e-01 0.00000e+00 9.51057e-01 9.51057e-01 0.00000e+00 3.09017e-01 0.00000e+00 1.00000e+00 0.00000e+00
-3.42020e-01 0.00000e+00 9.39693e-01 9.39693e-01 0.00000e+00 3.42020e-01 0.00000e+00 1.00000e+00 0.00000e+00
-3.74607e-01 0.00000e+00 9.27184e-01 9.27184e-01 0.00000e+00 3.74607e-01 0.00000e+00 1.00000e+00 0.00000e+00
-4.06737e-01 0.00000e+00 9.13545e-01 9.13545e-01 0.00000e+00 4.06737e-01 0.00000e+00 1.00000e+00 0.00000e+00
-4.38371e-01 0.00000e+00 8.98794e-01 8.98794e-01 0.00000e+00 4.38371e-01 0.00000e+00 1.00000e+00 0.00000e+00
-4.69472e-01 0.00000e+00 8.82948e-01 8.82948e-01 0.00000e+00 4.69472e-01 0.00000e+00 1.00000e+00 0.00000e+00
-5.00000e-01 0.00000e+00 8.66025e-01 8.66025e-01 0.00000e+00 5.00000e-01 0.00000e+00 1.00000e+00 0.00000e+00
-5.29919e-01 0.00000e+00 8.48048e-01 8.48048e-01 0.00000e+00 5.29919e-01 0.00000e+00 1.00000e+00 0.00000e+00
-5.59193e-01 0.00000e+00 8.29038e-01 8.29038e-01 0.00000e+00 5.59193e-01 0.00000e+00 1.00000e+00 0.00000e+00
-5.87785e-01 0.00000e+00 8.09017e-01 8.09017e-01 0.00000e+00 5.87785e-01 0.00000e+00 1.00000e+00 0.00000e+00
-6.15661e-01 0.00000e+00 7.88011e-01 7.88011e-01 0.00000e+00 6.15661e-01 0.00000e+00 1.00000e+00 0.00000e+00
-6.42788e-01 0.00000e+00 7.66044e-01 7.66044e-01 0.00000e+00 6.42788e-01 0.00000e+00 1.00000e+00 0.00000e+00
-6.69131e-01 0.00000e+00 7.43145e-01 7.43145e-01 0.00000e+00 6.69131e-01 0.00000e+00 1.00000e+00 0.00000e+00
-6.94658e-01 0.00000e+00 7.19340e-01 7.19340e-01 0.00000e+00 6.94658e-01 0.00000e+00 1.00000e+00 0.00000e+00
-7.19340e-01 0.00000e+00 6.94658e-01 6.94658e-01 0.00000e+00 7.19340e-01 0.00000e+00 1.00000e+00 0.00000e+00
-7.43145e-01 0.00000e+00 6.69131e-01 6.69131e-01 0.00000e+00 7.43145e-01 0.00000e+00 1.00000e+00 0.00000e+00
-7.66044e-01 0.00000e+00 6.42788e-01 6.42788e-01 0.00000e+00 7.66044e-01 0.00000e+00 1.00000e+00 0.00000e+00
-7.88011e-01 0.00000e+00 6.15661e-01 6.15661e-01 0.00000e+00 7.88011e-01 0.00000e+00 1.00000e+00 0.00000e+00
-8.09017e-01 0.00000e+00 5.87785e-01 5.87785e-01 0.00000e+00 8.09017e-01 0.00000e+00 1.00000e+00 0.00000e+00
-8.29038e-01 0.00000e+00 5.59193e-01 5.59193e-01 0.00000e+00 8.29038e-01 0.00000e+00 1.00000e+00 0.00000e+00
-8.48048e-01 0.00000e+00 5.29919e-01 5.29919e-01 0.00000e+00 8.48048e-01 0.00000e+00 1.00000e+00 0.00000e+00
-8.66025e-01 0.00000e+00 5.00000e-01 5.00000e-01 0.00000e+00 8.66025e-01 0.00000e+00 1.00000e+00 0.00000e+00
-8.82948e-01 0.00000e+00 4.69472e-01 4.69472e-01 0.00000e+00 8.82948e-01 0.00000e+00 1.00000e+00 0.00000e+00
-8.98794e-01 0.00000e+00 4.38371e-01 4.38371e-01 0.00000e+00 8.98794e-01 0.00000e+00 1.00000e+00 0.00000e+00
-9.13545e-01 0.00000e+00 4.06737e-01 4.06737e-01 0.00000e+00 9.13545e-01 0.00000e+00 1.00000e+00 0.00000e+00
-9.27184e-01 0.00000e+00 3.74607e-01 3.74607e-01 0.00000e+00 9.27184e-01 0.00000e+00 1.00000e+00 0.00000e+00
-9.39693e-01 0.00000e+00 3.42020e-01 3.42020e-01 0.00000e+00 9.39693e-01 0.00000e+00 1.00000e+00 0.00000e+00
-9.51057e-01 0.00000e+00 3.09017e-01 3.09017e-01 0.00000e+00 9.51057e-01 0.00000e+00 1.00000e+00 0.00000e+00
-9.61262e-01 0.00000e+00 2.75637e-01 2.75637e-01 0.00000e+00 9.61262e-01 0.00000e+00 1.00000e+00 0.00000e+00
-9.70296e-01 0.00000e+00 2.41922e-01 2.41922e-01 0.00000e+00 9.70296e-01 0.00000e+00 1.00000e+00 0.00000e+00
-9.78148e-01 0.00000e+00 2.07912e-01 2.07912e-01 0.00000e+00 9.78148e-01 0.00000e+00 1.00000e+00 0.00000e+00
-9.84808e-01 0.00000e+00 1.73648e-01 1.73648e-01 0.00000e+00 9.84808e-01 0.00000e+00 1.00000e+00 0.00000e+00
-9.90268e-01 0.00000e+00 1.39173e-01 1.39173e-01 0.00000e+00 9.90268e-01 0.00000e+00 1.00000e+00 0.00000e+00
-9.94522e-01 0.00000e+00 1.04528e-01 1.04528e-01 0.00000e+00 9.94522e-01 0.00000e+00 1.00000e+00 0.00000e+00
-9.97564e-01 0.00000e+00 6.97565e-02 6.97565e-02 0.00000e+00 9.97564e-01 0.00000e+00 1.00000e+00 0.00000e+00
-9.99391e-01 0.00000e+00 3.48995e-02 3.48995e-02 0.00000e+00 9.99391e-01 0.00000e+00 1.00000e+00 0.00000e+00
-1.00000e+00 0.00000e+00 0.00000e+00 0.00000e+00 0.00000e+00 1.00000e+00 0.00000e+00 1.00000e+00 0.00000e+00
-9.99391e-01 0.00000e+00 -3.48995e-02 -3.48995e-02 0.00000e+00 9.99391e-01 0.00000e+00 1.00000e+00 0.00000e+00
-9.97564e-01 0.00000e+00 -6.97565e-02 -6.97565e-02 0.00000e+00 9.97564e-01 0.00000e+00 1.00000e+00 0.00000e+00
-9.94522e-01 0.00000e+00 -1.04528e-01 -1.04528e-01 0.00000e+00 9.94522e-01 0.00000e+00 1.00000e+00 0.00000e+00
-9.90268e-01 0.00000e+00 -1.39173e-01 -1.39173e-01 0.00000e+00 9.90268e-01 0.00000e+00 1.00000e+00 0.00000e+00
-9.84808e-01 0.00000e+00 -1.73648e-01 -1.73648e-01 0.00000e+00 9.84808e-01 0.00000e+00 1.00000e+00 0.00000e+00
-9.78148e-01 0.00000e+00 -2.07912e-01 -2.07912e-01 0.00000e+00 9.78148e-01 0.00000e+00 1.00000e+00 0.00000e+00
-9.70296e-01 0.00000e+00 -2.41922e-01 -2.41922e-01 0.00000e+00 9.70296e-01 0.00000e+00 1.00000e+00 0.00000e+00
-9.61262e-01 0.00000e+00 -2.75637e-01 -2.75637e-01 0.00000e+00 9.61262e-01 0.00000e+00 1.00000e+00 0.00000e+00
-9.51057e-01 0.00000e+00 -3.09017e-01 -3.09017e-01 0.00000e+00 9.51057e-01 0.00000e+00 1.00000e+00 0.00000e+00
-9.39693e-01 0.00000e+00 -3.42020e-01 -3.42020e-01 0.00000e+00 9.39693e-01 0.00000e+00 1.00000e+00 0.00000e+00
-9.27184e-01 0.00000e+00 -3.74607e-01 -3.74607e-01 0.00000e+00 9.27184e-01 0.00000e+00 1.00000e+00 0.00000e+00
-9.13545e-01 0.00000e+00 -4.06737e-01 -4.06737e-01 0.00000e+00 9.13545e-01 0.00000e+00 1.00000e+00 0.00000e+00
-8.98794e-01 0.00000e+00 -4.38371e-01 -4.38371e-01 0.00000e+00 8.98794e-01 0.00000e+00 1.00000e+00 0.00000e+00
-8.82948e-01 0.00000e+00 -4.69472e-01 -4.69472e-01 0.00000e+00 8.82948e-01 0.00000e+00 1.00000e+00 0.00000e+00
-8.66025e-01 0.00000e+00 -5.00000e-01 -5.00000e-01 0.00000e+00 8.66025e-01 0.00000e+00 1.00000e+00 0.00000e+00
-8.48048e-01 0.00000e+00 -5.29919e-01 -5.29919e-01 0.00000e+00 8.48048e-01 0.00000e+00 1.00000e+00 0.00000e+00
-8.29038e-01 0.00000e+00 -5.59193e-01 -5.59193e-01 0.00000e+00 8.29038e-01 0.00000e+00 1.00000e+00 0.00000e+00
-8.09017e-01 0.00000e+00 -5.87785e-01 -5.87785e-01 0.00000e+00 8.09017e-01 0.00000e+00 1.00000e+00 0.00000e+00
-7.88011e-01 0.00000e+00 -6.15661e-01 -6.15661e-01 0.00000e+00 7.88011e-01 0.00000e+00 1.00000e+00 0.00000e+00
-7.66044e-01 0.00000e+00 -6.42788e-01 -6.42788e-01 0.00000e+00 7.66044e-01 0.00000e+00 1.00000e+00 0.00000e+00
-7.43145e-01 0.00000e+00 -6.69131e-01 -6.69131e-01 0.00000e+00 7.43145e-01 0.00000e+00 1.00000e+00 0.00000e+00
-7.19340e-01 0.00000e+00 -6.94658e-01 -6.94658e-01 0.00000e+00 7.19340e-01 0.00000e+00 1.00000e+00 0.00000e+00
-6.94658e-01 0.00000e+00 -7.19340e-01 -7.19340e-01 0.00000e+00 6.94658e-01 0.00000e+00 1.00000e+00 0.00000e+00
-6.69131e-01 0.00000e+00 -7.43145e-01 -7.43145e-01 0.00000e+00 6.69131e-01 0.00000e+00 1.00000e+00 0.00000e+00
-6.42788e-01 0.00000e+00 -7.66044e-01 -7.66044e-01 0.00000e+00 6.42788e-01 0.00000e+00 1.00000e+00 0.00000e+00
-6.15661e-01 0.00000e+00 -7.88011e-01 -7.88011e-01 0.00000e+00 6.15661e-01 0.00000e+00 1.00000e+00 0.00000e+00
-5.87785e-01 0.00000e+00 -8.09017e-01 -8.09017e-01 0.00000e+00 5.87785e-01 0.00000e+00 1.00000e+00 0.00000e+00
-5.59193e-01 0.00000e+00 -8.29038e-01 -8.29038e-01 0.00000e+00 5.59193e-01 0.00000e+00 1.00000e+00 0.00000e+00
-5.29919e-01 0.00000e+00 -8.48048e-01 -8.48048e-01 0.00000e+00 5.29919e-01 0.00000e+00 1.00000e+00 0.00000e+00
-5.00000e-01 0.00000e+00 -8.66025e-01 -8.66025e-01 0.00000e+00 5.00000e-01 0.00000e+00 1.00000e+00 0.00000e+00
-4.69472e-01 0.00000e+00 -8.82948e-01 -8.82948e-01 0.00000e+00 4.69472e-01 0.00000e+00 1.00000e+00 0.00000e+00
-4.38371e-01 0.00000e+00 -8.98794e-01 -8.98794e-01 0.00000e+00 4.38371e-01 0.00000e+00 1.00000e+00 0.00000e+00
-4.06737e-01 0.00000e+00 -9.13545e-01 -9.13545e-01 0.00000e+00 4.06737e-01 0.00000e+00 1.00000e+00 0.00000e+00
-3.74607e-01 0.00000e+00 -9.27184e-01 -9.27184e-01 0.00000e+00 3.74607e-01 0.00000e+00 1.00000e+00 0.00000e+00
-3.42020e-01 0.00000e+00 -9.39693e-01 -9.39693e-01 0.00000e+00 3.42020e-01 0.00000e+00 1.00000e+00 0.00000e+00
-3.09017e-01 0.00000e+00 -9.51057e-01 -9.51057e-01 0.00000e+00 3.09017e-01 0.00000e+00 1.00000e+00 0.00000e+00
-2.75637e-01 0.00000e+00 -9.61262e-01 -9.61262e-01 0.00000e+00 2.75637e-01 0.00000e+00 1.00000e+00 0.00000e+00
-2.41922e-01 0.00000e+00 -9.70296e-01 -9.70296e-01 0.00000e+00 2.41922e-01 0.00000e+00 1.00000e+00 0.00000e+00
-2.07912e-01 0.00000e+00 -9.78148e-01 -9.78148e-01 0.00000e+00 2.07912e-01 0.00000e+00 1.00000e+00 0.00000e+00
-1.73648e-01 0.00000e+00 -9.84808e-01 -9.84808e-01 0.00000e+00 1.73648e-01 0.00000e+00 1.00000e+00 0.00000e+00
-1.39173e-01 0.00000e+00 -9.90268e-01 -9.90268e-01 0.00000e+00 1.39173e-01 0.00000e+00 1.00000e+00 0.00000e+00
-1.04528e-01 0.00000e+00 -9.94522e-01 -9.94522e-01 0.00000e+00 1.04528e-01 0.00000e+00 1.00000e+00 0.00000e+00
-6.97565e-02 0.00000e+00 -9.97564e-01 -9.97564e-01 0.00000e+00 6.97565e-02 0.00000e+00 1.00000e+00 0.00000e+00
-3.48995e-02 0.00000e+00 -9.99391e-01 -9.99391e-01 0.00000e+00 3.48995e-02 0.00000e+00 1.00000e+00 0.00000e+00
0.00000e+00 0.00000e+00 -1.00000e+00 -1.00000e+00 0.00000e+00 0.00000e+00 0.00000e+00 1.00000e+00 0.00000e+00
3.48995e-02 0.00000e+00 -9.99391e-01 -9.99391e-01 0.00000e+00 -3.48995e-02 0.00000e+00 1.00000e+00 0.00000e+00
6.97565e-02 0.00000e+00 -9.97564e-01 -9.97564e-01 0.00000e+00 -6.97565e-02 0.00000e+00 1.00000e+00 0.00000e+00
1.04528e-01 0.00000e+00 -9.94522e-01 -9.94522e-01 0.00000e+00 -1.04528e-01 0.00000e+00 1.00000e+00 0.00000e+00
1.39173e-01 0.00000e+00 -9.90268e-01 -9.90268e-01 0.00000e+00 -1.39173e-01 0.00000e+00 1.00000e+00 0.00000e+00
1.73648e-01 0.00000e+00 -9.84808e-01 -9.84808e-01 0.00000e+00 -1.73648e-01 0.00000e+00 1.00000e+00 0.00000e+00
2.07912e-01 0.00000e+00 -9.78148e-01 -9.78148e-01 0.00000e+00 -2.07912e-01 0.00000e+00 1.00000e+00 0.00000e+00
2.41922e-01 0.00000e+00 -9.70296e-01 -9.70296e-01 0.00000e+00 -2.41922e-01 0.00000e+00 1.00000e+00 0.00000e+00
2.75637e-01 0.00000e+00 -9.61262e-01 -9.61262e-01 0.00000e+00 -2.75637e-01 0.00000e+00 1.00000e+00 0.00000e+00
3.09017e-01 0.00000e+00 -9.51057e-01 -9.51057e-01 0.00000e+00 -3.09017e-01 0.00000e+00 1.00000e+00 0.00000e+00
3.42020e-01 0.00000e+00 -9.39693e-01 -9.39693e-01 0.00000e+00 -3.42020e-01 0.00000e+00 1.00000e+00 0.00000e+00
3.74607e-01 0.00000e+00 -9.27184e-01 -9.27184e-01 0.00000e+00 -3.74607e-01 0.00000e+00 1.00000e+00 0.00000e+00
4.06737e-01 0.00000e+00 -9.13545e-01 -9.13545e-01 0.00000e+00 -4.06737e-01 0.00000e+00 1.00000e+00 0.00000e+00
4.38371e-01 0.00000e+00 -8.98794e-01 -8.98794e-01 0.00000e+00 -4.38371e-01 0.00000e+00 1.00000e+00 0.00000e+00
4.69472e-01 0.00000e+00 -8.82948e-01 -8.82948e-01 0.00000e+00 -4.69472e-01 0.00000e+00 1.00000e+00 0.00000e+00
5.00000e-01 0.00000e+00 -8.66025e-01 -8.66025e-01 0.00000e+00 -5.00000e-01 0.00000e+00 1.00000e+00 0.00000e+00
5.29919e-01 0.00000e+00 -8.48048e-01 -8.48048e-01 0.00000e+00 -5.29919e-01 0.00000e+00 1.00000e+00 0.00000e+00
5.59193e-01 0.00000e+00 -8.29038e-01 -8.29038e-01 0.00000e+00 -5.59193e-01 0.00000e+00 1.00000e+00 0.00000e+00
5.87785e-01 0.00000e+00 -8.09017e-01 -8.09017e-01 0.00000e+00 -5.87785e-01 0.00000e+00 1.00000e+00 0.00000e+00
6.15661e-01 0.00000e+00 -7.88011e-01 -7.88011e-01 0.00000e+00 -6.15661e-01 0.00000e+00 1.00000e+00 0.00000e+00
6.42788e-01 0.00000e+00 -7.66044e-01 -7.66044e-01 0.00000e+00 -6.42788e-01 0.00000e+00 1.00000e+00 0.00000e+00
6.69131e-01 0.00000e+00 -7.43145e-01 -7.43145e-01 0.00000e+00 -6.69131e-01 0.00000e+00 1.00000e+00 0.00000e+00
6.94658e-01 0.00000e+00 -7.19340e-01 -7.19340e-01 0.00000e+00 -6.94658e-01 0.00000e+00 1.00000e+00 0.00000e+00
7.19340e-01 0.00000e+00 -6.94658e-01 -6.94658e-01 0.00000e+00 -7.19340e-01 0.00000e+00 1.00000e+00 0.00000e+00
7.43145e-01 0.00000e+00 -6.69131e-01 -6.69131e-01 0.00000e+00 -7.43145e-01 0.00000e+00 1.00000e+00 0.00000e+00
7.66044e-01 0.00000e+00 -6.42788e-01 -6.42788e-01 0.00000e+00 -7.66044e-01 0.00000e+00 1.00000e+00 0.00000e+00
7.88011e-01 0.00000e+00 -6.15661e-01 -6.15661e-01 0.00000e+00 -7.88011e-01 0.00000e+00 1.00000e+00 0.00000e+00
8.09017e-01 0.00000e+00 -5.87785e-01 -5.87785e-01 0.00000e+00 -8.09017e-01 0.00000e+00 1.00000e+00 0.00000e+00
8.29038e-01 0.00000e+00 -5.59193e-01 -5.59193e-01 0.00000e+00 -8.29038e-01 0.00000e+00 1.00000e+00 0.00000e+00
8.48048e-01 0.00000e+00 -5.29919e-01 -5.29919e-01 0.00000e+00 -8.48048e-01 0.00000e+00 1.00000e+00 0.00000e+00
8.66025e-01 0.00000e+00 -5.00000e-01 -5.00000e-01 0.00000e+00 -8.66025e-01 0.00000e+00 1.00000e+00 0.00000e+00
8.82948e-01 0.00000e+00 -4.69472e-01 -4.69472e-01 0.00000e+00 -8.82948e-01 0.00000e+00 1.00000e+00 0.00000e+00
8.98794e-01 0.00000e+00 -4.38371e-01 -4.38371e-01 0.00000e+00 -8.98794e-01 0.00000e+00 1.00000e+00 0.00000e+00
9.13545e-01 0.00000e+00 -4.06737e-01 -4.06737e-01 0.00000e+00 -9.13545e-01 0.00000e+00 1.00000e+00 0.00000e+00
9.27184e-01 0.00000e+00 -3.74607e-01 -3.74607e-01 0.00000e+00 -9.27184e-01 0.00000e+00 1.00000e+00 0.00000e+00
9.39693e-01 0.00000e+00 -3.42020e-01 -3.42020e-01 0.00000e+00 -9.39693e-01 0.00000e+00 1.00000e+00 0.00000e+00
9.51057e-01 0.00000e+00 -3.09017e-01 -3.09017e-01 0.00000e+00 -9.51057e-01 0.00000e+00 1.00000e+00 0.00000e+00
9.61262e-01 0.00000e+00 -2.75637e-01 -2.75637e-01 0.00000e+00 -9.61262e-01 0.00000e+00 1.00000e+00 0.00000e+00
9.70296e-01 0.00000e+00 -2.41922e-01 -2.41922e-01 0.00000e+00 -9.70296e-01 0.00000e+00 1.00000e+00 0.00000e+00
9.78148e-01 0.00000e+00 -2.07912e-01 -2.07912e-01 0.00000e+00 -9.78148e-01 0.00000e+00 1.00000e+00 0.00000e+00
9.84808e-01 0.00000e+00 -1.73648e-01 -1.73648e-01 0.00000e+00 -9.84808e-01 0.00000e+00 1.00000e+00 0.00000e+00
9.90268e-01 0.00000e+00 -1.39173e-01 -1.39173e-01 0.00000e+00 -9.90268e-01 0.00000e+00 1.00000e+00 0.00000e+00
9.94522e-01 0.00000e+00 -1.04528e-01 -1.04528e-01 0.00000e+00 -9.94522e-01 0.00000e+00 1.00000e+00 0.00000e+00
9.97564e-01 0.00000e+00 -6.97565e-02 -6.97565e-02 0.00000e+00 -9.97564e-01 0.00000e+00 1.00000e+00 0.00000e+00
9.99391e-01 0.00000e+00 -3.48995e-02 -3.48995e-02 0.00000e+00 -9.99391e-01 0.00000e+00 1.00000e+00 0.00000e+00
1.00000e+00 0.00000e+00 0.00000e+00 0.00000e+00 0.00000e+00 -1.00000e+00 0.00000e+00 1.00000e+00 0.00000e+00
9.99391e-01 0.00000e+00 3.48995e-02 3.48995e-02 0.00000e+00 -9.99391e-01 0.00000e+00 1.00000e+00 0.00000e+00
9.97564e-01 0.00000e+00 6.97565e-02 6.97565e-02 0.00000e+00 -9.97564e-01 0.00000e+00 1.00000e+00 0.00000e+00
9.94522e-01 0.00000e+00 1.04528e-01 1.04528e-01 0.00000e+00 -9.94522e-01 0.00000e+00 1.00000e+00 0.00000e+00
9.90268e-01 0.00000e+00 1.39173e-01 1.39173e-01 0.00000e+00 -9.90268e-01 0.00000e+00 1.00000e+00 0.00000e+00
9.84808e-01 0.00000e+00 1.73648e-01 1.73648e-01 0.00000e+00 -9.84808e-01 0.00000e+00 1.00000e+00 0.00000e+00
9.78148e-01 0.00000e+00 2.07912e-01 2.07912e-01 0.00000e+00 -9.78148e-01 0.00000e+00 1.00000e+00 0.00000e+00
9.70296e-01 0.00000e+00 2.41922e-01 2.41922e-01 0.00000e+00 -9.70296e-01 0.00000e+00 1.00000e+00 0.00000e+00
9.61262e-01 0.00000e+00 2.75637e-01 2.75637e-01 0.00000e+00 -9.61262e-01 0.00000e+00 1.00000e+00 0.00000e+00
9.51057e-01 0.00000e+00 3.09017e-01 3.09017e-01 0.00000e+00 -9.51057e-01 0.00000e+00 1.00000e+00 0.00000e+00
9.39693e-01 0.00000e+00 3.42020e-01 3.42020e-01 0.00000e+00 -9.39693e-01 0.00000e+00 1.00000e+00 0.00000e+00
9.27184e-01 0.00000e+00 3.74607e-01 3.74607e-01 0.00000e+00 -9.27184e-01 0.00000e+00 1.00000e+00 0.00000e+00
9.13545e-01 0.00000e+00 4.06737e-01 4.06737e-01 0.00000e+00 -9.13545e-01 0.00000e+00 1.00000e+00 0.00000e+00
8.98794e-01 0.00000e+00 4.38371e-01 4.38371e-01 0.00000e+00 -8.98794e-01 0.00000e+00 1.00000e+00 0.00000e+00
8.82948e-01 0.00000e+00 4.69472e-01 4.69472e-01 0.00000e+00 -8.82948e-01 0.00000e+00 1.00000e+00 0.00000e+00
8.66025e-01 0.00000e+00 5.00000e-01 5.00000e-01 0.00000e+00 -8.66025e-01 0.00000e+00 1.00000e+00 0.00000e+00
8.48048e-01 0.00000e+00 5.29919e-01 5.29919e-01 0.00000e+00 -8.48048e-01 0.00000e+00 1.00000e+00 0.00000e+00
8.29038e-01 0.00000e+00 5.59193e-01 5.59193e-01 0.00000e+00 -8.29038e-01 0.00000e+00 1.00000e+00 0.00000e+00
8.09017e-01 0.00000e+00 5.87785e-01 5.87785e-01 0.00000e+00 -8.09017e-01 0.00000e+00 1.00000e+00 0.00000e+00
7.88011e-01 0.00000e+00 6.15661e-01 6.15661e-01 0.00000e+00 -7.88011e-01 0.00000e+00 1.00000e+00 0.00000e+00
7.66044e-01 0.00000e+00 6.42788e-01 6.42788e-01 0.00000e+00 -7.66044e-01 0.00000e+00 1.00000e+00 0.00000e+00
7.43145e-01 0.00000e+00 6.69131e-01 6.69131e-01 0.00000e+00 -7.43145e-01 0.00000e+00 1.00000e+00 0.00000e+00
7.19340e-01 0.00000e+00 6.94658e-01 6.94658e-01 0.00000e+00 -7.19340e-01 0.00000e+00 1.00000e+00 0.00000e+00
6.94658e-01 0.00000e+00 7.19340e-01 7.19340e-01 0.00000e+00 -6.94658e-01 0.00000e+00 1.00000e+00 0.00000e+00
6.69131e-01 0.00000e+00 7.43145e-01 7.43145e-01 0.00000e+00 -6.69131e-01 0.00000e+00 1.00000e+00 0.00000e+00
6.42788e-01 0.00000e+00 7.66044e-01 7.66044e-01 0.00000e+00 -6.42788e-01 0.00000e+00 1.00000e+00 0.00000e+00
6.15661e-01 0.00000e+00 7.88011e-01 7.88011e-01 0.00000e+00 -6.15661e-01 0.00000e+00 1.00000e+00 0.00000e+00
5.87785e-01 0.00000e+00 8.09017e-01 8.09017e-01 0.00000e+00 -5.87785e-01 0.00000e+00 1.00000e+00 0.00000e+00
5.59193e-01 0.00000e+00 8.29038e-01 8.29038e-01 0.00000e+00 -5.59193e-01 0.00000e+00 1.00000e+00 0.00000e+00
5.29919e-01 0.00000e+00 8.48048e-01 8.48048e-01 0.00000e+00 -5.29919e-01 0.00000e+00 1.00000e+00 0.00000e+00
5.00000e-01 0.00000e+00 8.66025e-01 8.66025e-01 0.00000e+00 -5.00000e-01 0.00000e+00 1.00000e+00 0.00000e+00
4.69472e-01 0.00000e+00 8.82948e-01 8.82948e-01 0.00000e+00 -4.69472e-01 0.00000e+00 1.00000e+00 0.00000e+00
4.38371e-01 0.00000e+00 8.98794e-01 8.98794e-01 0.00000e+00 -4.38371e-01 0.00000e+00 1.00000e+00 0.00000e+00
4.06737e-01 0.00000e+00 9.13545e-01 9.13545e-01 0.00000e+00 -4.06737e-01 0.00000e+00 1.00000e+00 0.00000e+00
3.74607e-01 0.00000e+00 9.27184e-01 9.27184e-01 0.00000e+00 -3.74607e-01 0.00000e+00 1.00000e+00 0.00000e+00
3.42020e-01 0.00000e+00 9.39693e-01 9.39693e-01 0.00000e+00 -3.42020e-01 0.00000e+00 1.00000e+00 0.00000e+00
3.09017e-01 0.00000e+00 9.51057e-01 9.51057e-01 0.00000e+00 -3.09017e-01 0.00000e+00 1.00000e+00 0.00000e+00
2.75637e-01 0.00000e+00 9.61262e-01 9.61262e-01 0.00000e+00 -2.75637e-01 0.00000e+00 1.00000e+00 0.00000e+00
2.41922e-01 0.00000e+00 9.70296e-01 9.70296e-01 0.00000e+00 -2.41922e-01 0.00000e+00 1.00000e+00 0.00000e+00
2.07912e-01 0.00000e+00 9.78148e-01 9.78148e-01 0.00000e+00 -2.07912e-01 0.00000e+00 1.00000e+00 0.00000e+00
1.73648e-01 0.00000e+00 9.84808e-01 9.84808e-01 0.00000e+00 -1.73648e-01 0.00000e+00 1.00000e+00 0.00000e+00
1.39173e-01 0.00000e+00 9.90268e-01 9.90268e-01 0.00000e+00 -1.39173e-01 0.00000e+00 1.00000e+00 0.00000e+00
1.04528e-01 0.00000e+00 9.94522e-01 9.94522e-01 0.00000e+00 -1.04528e-01 0.00000e+00 1.00000e+00 0.00000e+00
6.97565e-02 0.00000e+00 9.97564e-01 9.97564e-01 0.00000e+00 -6.97565e-02 0.00000e+00 1.00000e+00 0.00000e+00
3.48995e-02 0.00000e+00 9.99391e-01 9.99391e-01 0.00000e+00 -3.48995e-02 0.00000e+00 1.00000e+00 0.00000e+00
